0.0,-0.0,-0.028295741127517055,-0.18405288383992838,-0.0,-0.0,-0.0,-0.0,-0.0,-0.0,-0.14783056830794536,-0.2706458274948808,-0.05198117934782273,0.04325163113184813,-0.0,-0.0,-0.0,-0.0,-0.0,-0.0,-0.0,-0.0,-0.0,-0.0,-0.0,-0.0922317848643373,-0.0,-0.0,-0.0,-0.0,-0.0,-0.0,-0.0,-0.0,-0.0,-0.08068734051515873,-0.0,-0.0,-0.04522577973722542,-0.0,-0.02829574112751688,-0.0,-0.0,-0.0,-0.0,-0.09413912287971524,-0.0,-0.0,-0.0,-0.0,-0.0,-0.0,-0.0,-0.0,-0.04505214109197612,-0.0,-0.0,-0.0,-0.1205275259918483,-0.0883771335250549,-0.0,-0.0,-0.0,-0.0,-0.028295741127516937,-0.2706458274948808,-0.0,-0.0,-0.0,-0.0,-0.0,-0.0,-0.045052141091976354,-0.0,-0.029553709035248656,-0.0,-0.0,-0.0,-0.0,-0.0,-0.21360659287517725,-0.0,-0.0,-0.0,-0.0,-0.0,-0.0,-0.0,-0.0,-0.1840528838399285,-0.0,-0.0,-0.0,-0.0,-0.10260478857072047,-0.0,-0.08068734051515895,-0.0,-0.0,-0.0,-0.0,-0.2706458274948816,-0.0,-0.0,-0.0,-0.0,-0.0,-0.04700600512710847,-0.0,-0.0,-0.0,-0.0,-0.10260478857072063,-0.0,-0.0,-0.0,0.04325163113184827,-0.0,-0.0,-0.0,-0.029553709035248624,-0.0,-0.0,-0.0,-0.0,-0.0,-0.02955370903524888,-0.08068734051515887,-0.0,-0.0,-0.0,-0.0,-0.0,-0.0
0.0,0.0,-0.010209657656832042,-0.30636240764517103,-0.014976767537054668,-0.10657767642332819,-0.0010430301218711808,-0.1898554963433551,-0.013801474883613737,-0.0,0.010981712412410551,-0.09256309749219487,-0.063549716188155,-0.1903011894946704,-0.40068168976385304,-0.0,-0.17236267640980696,-0.12893315456952784,0.06392329831466731,0.11345455484191987,-0.07950825933412131,-0.0,-0.14208216725534528,-0.3114295865520553,-0.391310449148179,-0.3554187083622699,-0.00905629434010803,-0.07693563561472172,-0.1258533167048714,-0.490124563948488,-0.0,-0.443997478454102,0.11174549573088496,-0.0,-0.0,-0.050448378304873004,-0.1721953499622098,-0.11323420590034816,-0.11566403763527613,-0.24876093880021236,-0.026073569560823257,0.20474411409565438,-0.47686113784182566,-0.15576885939490207,-0.16953950587645197,0.089781108050746,-0.2843456331075433,-0.08385470351074689,-0.2030021492321884,-0.0,-0.023777997582201747,-0.07186941204384886,-0.018445447335159598,-0.25193544192701955,0.05860591270146621,-0.05213626401052836,0.06314626006593269,-0.16170514310062017,-0.2253599279201686,0.001776687875774666,0.09253994308797105,-0.11919800069373854,-0.21391079944606725,-0.41375548815944885,-0.19041183682501278,-0.11402713800850603,-0.2395518777239467,0.052873279967680945,-0.20065588325364012,0.03410607891816865,-0.0,-0.0011177917167755872,-0.007606326043236269,0.22538911158736577,-0.3902267198178844,-0.24386546411431081,-0.011980913304104144,-0.2109107556122285,0.0008824473976047853,-0.2231045603271606,-0.2527132155172917,-0.42037184627531443,-0.10460812995995578,-0.03658964171894481,-0.040318503194254264,-0.15445366112598546,-0.13101836326647306,-0.04081958986081206,0.07093180510914569,-0.11490729187595737,0.03407941942964228,-0.08256930747168229,-0.027496125870161182,0.29000048701031605,-0.11691722606309488,-0.2506209868774264,-0.3574712245037646,0.10105187691901092,-0.32084146595652707,-0.21769272441998228,-0.17938405686202624,-0.08616778127614064,-0.05273014546336965,-0.03057854216154009,-0.1145956304391759,0.13122144439938443,-0.05955905558154625,-0.02399298056177417,-0.09038804254163037,-0.15818414067303901,-0.23669567752731446,-0.18374915333933636,-0.09276800782068989,-0.0,0.04362243824767963,-0.021102213396696268,0.048750442131730666,-0.11157883167490484,-0.09709491995650443,-0.12222208311369452,-0.08887140309146313,-0.08893545142448286,-0.40907880271066177,-0.0,-0.0,-0.25617045771837865,0.19847806504315388,-0.02926312081265544,-0.045138128413698506,-0.1410652154393896,-0.03828253948613182,-0.0,-0.037165171371388715,-0.06438212954589352
0.028295741127517055,0.010209657656832042,0.0,0.049629725451839676,0.008881544866908063,-0.0,0.07246628779493075,-0.1856865373087822,-0.0,-0.00420424128914921,-0.29763924554284377,-0.08282042786658785,-0.09946973629213474,-0.15618449010077626,-0.0860332629049844,-0.0,-0.028543627412427105,-0.0,-0.0,-0.1406248595004052,-0.0,-0.1286618561116036,-0.13392080091333333,-0.13806393887647014,-0.14474305201508977,-0.10561763045749727,-0.016280397591729653,-0.0,-0.13939942085276893,0.004920542684568273,-0.038069682864777236,-0.05581772092087683,-0.0,-0.0,-0.13004243203103372,-0.19748631959443222,-0.07654620601904455,-0.0,-0.06825232001038473,-0.09644971266941917,-0.3423796787058348,-0.053628202355592555,-0.0,-0.0,0.07370321451114954,0.16910044405720387,-0.19743760611448102,-0.0,0.18730120484719556,-0.0,-0.0,0.07977238102270155,-0.0,-0.0,0.009988893762008158,-0.06664817743492712,-0.0,-0.0,-0.38498388269244666,0.09578282141878657,-0.09775948901746401,-0.0,-0.0007490971928585382,-0.07059353183552378,-0.10660443144031582,-0.11815083205208907,-0.02828147721568991,-0.0053747839896879784,-0.01897498528810894,-0.0,-0.0,0.04790253497500606,-0.0452733157229561,-0.17059794275185375,-0.007282187422987698,-0.08703952046954741,-0.0,-0.0,-0.26012728588893697,-0.12923399958405068,-0.19383772321640758,0.1748832899968786,-0.03726577084495528,-0.0,-0.05824451458956464,-0.04919820644540913,-0.0019412191068038762,-0.16974158464002143,-0.13310501133995706,-0.11020130804065405,-0.053267095829670943,-0.1711321584960066,-0.1711299125916643,-0.1681121148958108,-0.0,-0.0,-0.17789063034535557,-0.0,-0.1456894979552487,-0.12532462702889915,-0.03806968286477733,-0.1742234650865611,-0.0,-0.0,-0.22007893011018959,-0.18894892603056737,-0.0,0.03403551095323827,-0.15450965543143866,-0.14246818618814505,-0.1509223148036948,0.00975411656625408,-0.13514681510925397,-0.0,-0.0,-0.1573034982204609,-0.1621370241196932,0.01823928939258467,-0.0,-0.14161307636348905,-0.21260345612238626,-0.06649148625128601,-0.0,-0.0,-0.0,-0.018974985288108766,-0.0,-0.21485892564802414,-0.0,-0.23687031688908897,-0.0,-0.03726577084495603,-0.0,-0.06550525125780594
0.18405288383992838,0.30636240764517103,-0.049629725451839676,0.0,0.05079438913455846,-0.062248520653208954,-0.1404156791780624,-0.23056967272447637,-0.01519907834567894,-0.3453958692801855,-0.18892763294518997,0.02514404999543927,-0.10045991843160973,-0.10625424257424594,-0.09934013546426815,-0.0,0.10458433549749126,-0.09212429433397623,-0.29008862897599047,-0.07276848778657796,-0.16590109407562806,-0.062387739759879324,0.1590159256246328,-0.035433007572518126,-0.05034664618247222,0.004113082257640515,-0.17092893974867715,-0.0,-0.15077244431041212,-0.35785159755264895,-0.0,-0.5012069628226504,-0.056455548248687454,-0.15769642429241315,-0.2544294659274752,-0.22718249248170444,0.09129636187792643,-0.08744843270688755,-0.08971908858335337,-0.25555374720368146,-0.22844425248025385,-0.15608165755173692,0.012621826792603439,-0.2178408197995762,-0.23503198780352463,-0.35698882412785815,-0.08382326838823759,-0.0,-0.2522621409374129,0.03470101096796208,-0.20478601916724998,-0.19488843908582823,-0.10625722619386194,0.10050533620388638,-0.382764479686411,-0.16529261928408598,-0.18930791087091992,-0.23716290734788664,0.015260936684779174,-0.23189520612923403,-0.01626591799084098,-0.047945030197313165,0.0920407324910654,-0.08309461782878534,-0.060688378791140266,-0.31780454129356894,-0.09759865691728177,-0.06694994623954188,-0.0,-0.009187682195870612,-0.06782175061186639,-0.16296694773250653,-0.17723323244467695,-0.17180654876429602,0.055967244614573475,0.08530828923183666,0.1235064989480854,-0.0,0.04696087076041998,-0.09742728851999966,-0.2799549144961348,0.35382475238023825,-0.08958122424757764,-0.29395103823645724,-0.35790522494735444,0.07266553504037335,-0.06893843072490415,-0.37234607859807584,-0.33818258821149794,-0.27913425801636516,-0.12181217361271457,0.2316934162420422,-0.0,0.04052637070974939,-0.2485133035045824,-0.0341592158577344,0.0800737737179502,-0.04564828960411238,-0.09122286834994661,-0.11746831402832715,-0.27506371039729877,-0.2763231173646248,-0.13770656588598598,-0.048423517159727376,0.017254030550428897,0.0060960046433538575,-0.2128214519902557,-0.17224860225202918,-0.19357137078049347,-0.1687097914578628,0.18863677463192463,-0.008034627941313809,0.06937978933317196,-0.03178480705981555,0.07567666723251701,-0.17141381109506065,0.08211847218358954,-0.0944947685530444,-0.23337441080389495,-0.043354442116776644,-0.059218603973921424,-0.1184248603294774,-0.08309820251596214,-0.017271866531009167,-0.06777250541744191,-0.07988610459336544,0.10415756159606653,0.05079998438020322,-0.12472678865541392,-0.28164034838400503,0.031404807044306975,0.034273219864264196,-0.26546050425777723,-0.29536575466305065
0.0,0.014976767537054668,-0.008881544866908063,-0.05079438913455846,0.0,-0.0,-0.0,-0.1370061733165568,-0.02647379268378544,-0.0,-0.16446216018927495,-0.0,-0.09443380765851624,-0.07071721917534303,-0.16028346867486853,-0.0,-0.1625353810068451,-0.0,-0.0,-0.013252547775050505,-0.0,-0.0,-0.08614605561736599,-0.13042822752731884,-0.2231359810388897,-0.026674540540947356,0.010495292328929795,-0.0,-0.09045514214757233,0.005583844858181407,-0.0,-0.05492492013064973,-0.0,-0.039854899288540385,-0.0487325430257487,0.042329487423632614,0.036726513178870566,-0.0,-0.0,-0.0,0.026279376805394352,0.04504349866573799,-0.05469220619078465,-0.0389884294956827,-0.038768140734399825,-0.06645349076628834,-0.08915755947833338,-0.04984055336326831,0.191144384756602,0.02921161146419979,-0.0,0.04480969373930784,-0.0,-0.11152658569578264,-0.04036673217532213,-0.0,-0.0,-0.0,-0.13782686684528153,-0.22732373788847107,-0.01730322317688351,-0.16954275919436754,-0.0,0.05977668886047984,0.13399466126072698,-0.014976767537054538,-0.0,-0.0037600156107454696,-0.0,-0.03152001391182188,-0.0,-0.06260001611381023,-0.3885219745583337,-0.00260610972877463,-0.1268087218824436,-0.0,-0.18216153020679748,-0.02818441107029797,-0.0067931672449927675,-0.20450273738402816,-0.017229861396109453,-0.10570192250926723,-0.0,-0.0,0.08200640731164319,-0.3235644087285109,-0.024558367474149533,-0.1590568598781101,-0.032031846798602104,-0.03720614800479695,-0.0,-0.25891578454639236,-0.088260888095309,0.06114765119010012,-0.0264737926837856,-0.05462733818648629,-0.21941269129293023,-0.0769681685191766,0.016669718531539368,-0.14462309114052127,0.027659273339026416,-0.0,-0.0,-0.0,-0.11503701951882095,-0.026433723888761453,-0.15298135890969533,-0.08507713330966701,-0.0,-0.0,-0.13189193776384806,-0.02674723109914684,0.017175850221325683,-0.054627338186485866,-0.0,-0.03167936804458651,0.11283095297372822,-0.054383986411850646,-0.07400147091186612,-0.10671364819864042,-0.15938941843310758,-0.0,-0.017229861396109436,-0.0,-0.17158038731685707,-0.07242446414574387,-0.0,0.17805117120346842,-0.0,-0.09921556099199119,-0.06735589045167616,-0.0,-0.021260294064672162,-0.08173316570429513
0.0,0.10657767642332819,0.0,0.062248520653208954,0.0,0.0,-0.020858821078035307,0.00012037728438786755,-0.0,-0.0,0.08425312918806452,-0.22121075995480063,-0.22809634533109957,-0.06370060788686817,-0.17661629818446015,-0.0,-0.22094484213399632,-0.06074040470481144,-0.09844642212646931,-0.1576562205723944,-0.27800680037553505,-0.0,-0.36531164004819516,-0.036933347091250464,0.0019040074383924225,0.02270139919489014,-0.17307334536829305,-0.0,-0.3256258916241897,-0.03566867527738543,-0.0,-0.13461045627929094,-0.0,-0.04865142428756408,-0.2058842154228045,-0.028907211623123586,-0.02679812063072853,-0.11172067676371858,-0.0,-0.15797757102822113,-0.22145669522637426,0.01637827746153743,-0.06516505976853842,-0.0,-0.250566781121482,-0.2953327919033897,-0.060740404704811436,-0.051032838121480115,-0.06583901694645827,-0.09959416316790583,-0.0653747138386068,-0.11070427577649569,0.16219940395452379,-0.163657465015748,-0.023841930840129227,-0.0,-0.28916446697890835,-0.0,-0.12788405378749595,-0.2915544835729351,0.035670271422406086,-0.01698135490520749,-0.10844253212488215,-0.04038596254351605,-0.1451667378972176,-0.27799837794419513,-0.32986486109421503,-0.1841820244364167,-0.16173315606320957,-0.21871797573303425,0.05757293135063161,-0.25616174899694527,-0.10947277761880553,0.15847552244022456,-0.1410170956147808,-0.14023008433222148,-0.0,-0.0,-0.09959416316790701,-0.17771781776886741,-0.0883520064218065,-0.39670539192535825,-0.12296362900629973,-0.0,-0.01116729461989545,-0.06370060788686815,0.0059670481795412594,-0.07691984606868474,-0.09377501229341392,0.14807184327381193,-0.11549258698210396,-0.2579906491766472,-0.0,-0.1529192485198311,0.03059175896535139,-0.0,0.17307743086437347,-0.016034791015390577,-0.0,-0.49243192749018155,-0.2669715694714969,-0.2063565560116814,-0.0,-0.0,-0.11172067676371766,-0.20812107911892047,0.055356107109559995,-0.037346410501161414,-0.0,-0.0,-0.07412320132203941,-0.018766189596585246,0.12212065856097583,-0.0,-0.049160527157229766,-0.040542044510340755,-0.10444625650141355,0.08571872620494365,-0.11844242771744386,-0.16329354112424907,-0.0608976253386608,-0.12179932098752841,-0.10817459553870033,-0.0,-0.09792389924336596,-0.11056665085819868,-0.0,-0.2047634397834294,-0.07695608881506555,0.08855623382518815,0.060825544528402144,-0.0,-0.1857004881291662,-0.06178801459172871
0.0,0.0010430301218711808,-0.07246628779493075,0.1404156791780624,0.0,0.020858821078035307,0.0,-0.014823035313315903,-0.0,-0.09150194695698873,-0.22628592513757095,-0.024244121818231535,0.1458520375661493,-0.0927688468802489,-0.12045892518379228,-0.0,-0.0010201382240037293,-0.0,0.024139084259304545,-0.042536371219030526,-0.19958284898199893,-0.0,-0.028979202170361002,-0.3898563797734394,0.15193298591607418,-0.1678355657483867,-0.47147429411476044,-0.028583095425331415,-0.05172625882199714,-0.18766075479477648,-0.0,-0.20926544481506854,-0.0,-0.03497540977353991,0.013325838336075644,-0.24533787704043025,-0.21336233977281144,-0.0,-0.0,-0.05766066817411377,-0.58253318284687,0.0011658276485633358,-0.00517263997827724,-0.05245149747975499,-0.3307805828669551,-0.05710130806140393,-0.25515671108184196,-0.0285830954253316,-0.28106697421833077,-0.05550546296619073,-0.06931137195878276,-0.1937070095551642,0.06605906070377066,-0.05994652558656296,0.10545247250594847,-0.0,-0.10649714464912012,0.004602975780564992,-0.24993121845360078,-0.13190308638935877,-0.12021124057557571,-0.04959848139009803,-0.1273866701517282,-0.054572818820232336,-0.3706995136123087,-0.08418559593132703,-0.07776312624806724,-0.029133164195018425,0.07044969716907395,-0.06123204857568842,-0.0,0.04729606680606203,-0.02072475250497397,-0.004100928426279027,-0.40321116555437597,-0.021821626637340514,-0.0,-0.0,-0.21032043940105546,-0.15261798008091979,0.1660848396750845,-0.23954135855703174,0.012128511385974676,-0.2285330008724261,-0.11811943186550919,0.12694946552650924,-0.09868535039725779,-0.19801737175518777,0.18640889499676375,0.10764489504986215,-0.11267799791682889,-0.1803971555788008,-0.09792389924336595,0.053865988248575705,-0.20564301295170895,0.01952798027280447,-0.031241130391316752,0.039243330646209565,-0.04917632405227601,-0.15666236743352652,-0.07113827786425306,-0.040174331356665274,0.04802640261120689,-0.15906947424107015,-0.07241372521978234,-0.1568918034449879,-0.17768282537303434,-0.10403037961284953,0.05360457618882679,-0.0,-0.08458318211910763,-0.11282150499117896,-0.3092739336830453,-0.0,-0.0,-0.005163577067635797,-0.06330294680336776,-0.1389778318830153,0.2770057387575074,0.02605791342229703,-0.08359268556569807,-0.0,-0.0,-0.09150194695698878,-0.0,-0.06384926101112638,-0.055186649412102,-0.26787778791163724,-0.1282907329116098,-0.21756433964780472,0.0603532862578075,-0.005844225379702591,-0.0,-0.23493002712272537
0.0,0.1898554963433551,0.1856865373087822,0.23056967272447637,0.1370061733165568,-0.00012037728438786755,0.014823035313315903,0.0,-0.02133711555685077,0.02856994340888828,-0.09012445430040794,-0.2696995298541788,-0.12957211596955762,-0.15936387826347082,-0.12121462808757882,-0.0,-0.06212979121417382,-0.0,0.021166685969259358,0.023369722237037913,-0.07395628439489431,-0.04193205757913534,-0.10200152626289055,-0.36263116406660845,-0.24088357489264936,-0.15860573684156615,-0.17748865997854185,-0.0,-0.2367860287323623,-0.19134661992308438,-0.0,-0.284463840412988,-0.0,-0.25971598086745823,-0.07411983631422006,-0.09172187529407834,-0.30642877027672233,-0.0,-0.0071746795622514075,0.147841000300573,-0.28572460545139905,0.15098477581936098,-0.036861910804003306,-0.22928121197616982,-0.15662713433970973,0.03988839317215929,-0.13388232629015914,-0.19568597023845993,0.055205804926018315,-0.08324008375555633,-0.09113233369853799,0.14580953573542302,-0.10164423424210112,-0.41954003048147004,-0.09677852622845712,-0.0,-0.0,-0.0927314039786446,-0.2503552286510887,0.000412524962849504,-0.241193301782692,0.0941331858615909,-0.40276576058230545,0.15739689579439428,-0.29873466304976676,0.06460577396452433,0.005616052787611684,-0.3366007225714117,0.09887489533114212,-0.0,-0.19530393154957057,-0.1151434279162822,-0.13491160897713803,-0.1413390223778884,-0.14863793607984296,-0.24563585667923657,-0.0,-0.0,-0.3069981022775328,0.07520415079680977,-0.2402707131065264,0.11232184033728851,8.21224785003549e-07,-0.25507659777531017,-0.04874822775662347,-0.18513704085150634,-0.26527282782481587,-0.16639294373269778,-0.3874636580399878,0.16230605155481664,-0.22778263940910987,-0.28653844926432653,0.035146393347140495,0.03567117251839364,-0.1772176591795859,0.16384145635681477,0.1541893483354272,-0.0,-0.07277415825306029,-0.15480955011565295,0.02470012108395477,0.28042752391112913,-0.11263464025518878,-0.20850813108490518,-0.2153542043980579,0.07304675158077077,-0.1518254699826025,-0.31220559919582114,0.052173142831846986,0.13163872126247225,-0.08858644229041786,-0.09671060328088474,-0.183530002618188,-0.0,-0.1751489781441355,0.07748391353786951,-0.2085013453527914,0.025310032646362144,0.041077922752411976,-0.05185007750602426,-0.1763031792719188,0.026678360851971575,-0.0,-0.0,-0.004042401819399997,-0.11637327339570105,-0.0459733529355375,-0.2964540377686873,-0.07129804527152858,-0.16391917760971375,-0.049582352911788335,-0.10403499713252677,-0.02246755720649947,0.05740986405955984
0.0,0.013801474883613737,0.0,0.01519907834567894,0.02647379268378544,0.0,0.0,0.02133711555685077,0.0,-0.0,0.05802283231636874,0.06962817089931773,-0.02985333609832452,-0.013801474883613711,-0.03118618702004886,-0.0,-0.18973643815908053,0.0259250945675622,-0.0,-0.15930535293986386,-0.0,-0.0,-0.0,0.037573832571767184,-0.07436209529495481,-0.0,0.0036070236190015284,-0.0,-0.18027406958253286,-0.0,-0.0,-0.18504263012044353,-0.24914575554426055,0.006466972200418276,-0.0,-0.06108435098718689,-0.07559856624768448,-0.0,-0.0,-0.0,-0.0,-0.19841285665472708,-0.0,0.003416813503172763,0.0037643625351551535,-0.07516999391858385,-0.0,-0.0,-0.1662242354255911,-0.0,-0.10509685132135947,-0.03132605833808488,-0.0,-0.16357903217525963,-0.08459577932763167,-0.0,-0.0,-0.17467023753331928,-0.014489615060927658,-0.0761311656419716,-0.07871119456527258,-0.07775398138517421,-0.19309246198833843,-0.04697115093838567,0.05727063576471372,-0.0,-0.008992836779646412,-0.1151705803595826,-0.0,-0.0,-0.0,-0.1802740695825345,-0.20347022602696177,-0.18642988669374574,-0.1897036835857235,-0.0026895410743962736,-0.0,-0.0,0.010184502870913029,-0.101559884621515,-0.024573067011274284,-0.03995614066889856,-0.0,-0.0,-0.0,-0.0,-0.4841941471720187,-0.00899283677964641,0.03859590746118407,0.006721872128232639,-0.0,-0.01602841754335224,-0.0,-0.0,-0.037629326865724635,-0.0,-0.0,-0.0,-0.11495992919773942,-0.0,-0.11495992919773941,-0.07404257030751125,-0.15351467702650867,-0.0,-0.10849668266070767,-0.0,0.13238888385334807,-0.0,-0.0,-0.04267623055112274,-0.07856592241744254,-0.07559856624768445,-0.2641185916040327,-0.0,-0.025093772943878063,-0.08012300076218339,-0.144200487369078,-0.0,-0.0,-0.2013247951587182,-0.3122583460388508,-0.01709143766530267,0.025215631282813022,-0.0,-0.0,-0.0,-0.10849668266070715,-0.3652085713932605,-0.1106548660475934,-0.010037112348460634,0.05206508130484904,-0.0,-0.0,0.009744243231812924
0.0,0.0,0.00420424128914921,0.3453958692801855,0.0,0.0,0.09150194695698873,-0.02856994340888828,0.0,0.0,-0.0,-0.026058610979299613,-0.09168137359243653,-0.0,-0.1996310738578317,-0.0,-0.11223678957273776,-0.0876076942398528,-0.0,-0.2337892515399902,-0.0,-0.0,-0.0,-0.18115256948468703,0.07688793437903646,-0.0,-0.03622153793618092,-0.0,-0.1736071739324275,-0.1171461975639348,-0.0,-0.0,-0.0,-0.14672193128701266,-0.0,-0.0,-0.21105404569054775,-0.0,-0.0,-0.0585661195380137,0.0025329147917554956,-0.17233326421025053,-0.0,-0.0,-0.19044774682834345,-0.2829622004333697,-0.13802946084288586,-0.0,-0.06840072592202072,-0.0,-0.0,-0.0,-0.0,-0.18641906547290993,-0.3254706251324273,-0.0,-0.17723573844342422,-0.21105404569054992,-0.23382763437097312,-0.18950447602242618,-0.0,-0.0,-0.0585663686733065,-0.1550014304541931,-0.0,-0.0,-0.0,-0.10457227848262778,-0.0,-0.0,-0.0,0.13944543165853177,-0.0,0.027511219602344827,-0.0,-0.0,-0.0,-0.22348543969432758,-0.08902310648949846,-0.16826418850226457,-0.0,-0.08760769423985265,-0.0,-0.0,-0.07912882699130303,-0.08511165341482944,-0.0,0.045734130253519197,-0.0,-0.0,-0.0,-0.08413359243604013,-0.0,-0.09946973629213474,-0.018543920266436812,-0.0,-0.0,-0.0,-0.22023737272004074,-0.07537777783318804,-0.17404847929865241,-0.0,-0.045849543763511295,-0.10769877040019273,-0.0,-0.0,-0.09168137359243635,-0.19910985493948513,-0.0,-0.0,-0.0,-0.055991161453788095,0.24062992887266593,-0.0,-0.0,-0.10131481465335987,-0.10666711335893413,-0.08760769423985275,-0.14115567284070804,-0.0,-0.15038174237553087,-0.0,-0.0,-0.0,-0.0,-0.0,-0.0,-0.2810292980665973,-0.0,-0.07537777783318779,-0.0,-0.0,-0.23378925153999125,-0.044830754158414
0.14783056830794536,-0.010981712412410551,0.29763924554284377,0.18892763294518997,0.16446216018927495,-0.08425312918806452,0.22628592513757095,0.09012445430040794,-0.05802283231636874,0.0,0.0,-0.04031012951741607,-0.2717708114719312,-0.15168482333034136,-0.20368741551940583,-0.0,-0.06382110489888704,0.008299101736121535,0.0051513153892400855,-0.03319545254437303,-0.15701670991329206,-0.006883678470457333,0.016355828933098802,-0.10150485390751632,-0.21847044144078556,-0.27971117923192523,0.12215660980276902,-0.028583095425331367,-0.15417725001133767,0.1273013027344368,-0.0,0.06416771550251192,-0.0,-0.021109966992640707,-0.14323153401539793,-0.020826760819356433,-0.18207285173279641,-0.009559120300454412,-0.2938231064848247,-0.03233504250960904,-0.028465726474415858,-0.12777347387331398,-0.4301018133731077,-0.21099462167846114,-0.21622685843757902,-0.1751950494509119,0.029308717547895522,-0.11578469113729249,-0.08044127528095721,-0.05483763256304882,-0.1679093202802062,-0.3418554741598425,0.09494882342618034,-0.023201592451241145,-0.12257638136872616,-0.0,-0.20174898117724305,0.10955700508289319,-0.350015367183409,0.004438937728357663,-0.2669052632895778,-0.11641228076436913,0.21939439886024473,0.11334620828863787,-0.1593858789040843,-0.23843661878159106,0.016977652291582525,0.1374273541396422,-0.08667605529815604,0.09002882308046728,-0.10532468300444715,-0.028028480490362395,-0.025750542953053273,-0.05103458737041987,-0.340628424349741,-0.1754884818933712,-0.2522295351910135,-0.14896512742465676,-0.016254097647548628,-0.32243296689255635,-0.11369259054288451,-0.33437741069595117,-0.08348398728539351,-0.23059520103173997,0.020826030459529268,0.052335646877336876,-0.1895876265149349,-0.15479889498648502,0.08639962694438326,-0.05329873881902704,-0.15648924970196448,-0.027417135943214307,-0.1098480899778268,0.1966513220918323,-0.03780125875718828,-0.12245288339091881,-0.32404986385792794,-0.04464680600356314,-0.01803103690071122,-0.08769724060290841,-0.08094705709760003,-0.20702970476290503,-0.05051435190330794,-0.014861390230743156,-0.18018994794000048,0.017130795318668155,-0.158747248810882,-0.07272386656008012,-0.08832569170991673,-0.06243011480302866,-0.1462268226572162,-0.1689313364364007,-0.15463119209882864,-0.0,-0.12544852682269872,-0.2460126574919472,-0.12121281617208138,0.1223955505983896,-0.11260732023470223,0.02694332197731288,-0.16113759807086125,-0.08608675953107621,-0.02188565931271795,-0.0,0.009441549877674758,-0.254438972745553,-0.0,-0.36128864667429794,-0.03693705648651299,-0.22385181819634203,-0.03950337949252823,-0.2804890811221045,-0.2658955076879806,-0.04880092226043345
0.2706458274948808,0.09256309749219487,0.08282042786658785,-0.02514404999543927,0.0,0.22121075995480063,0.024244121818231535,0.2696995298541788,-0.06962817089931773,0.026058610979299613,0.04031012951741607,0.0,-0.09610217762757968,-0.24609614342001085,0.10475810331660644,-0.0,0.11518966931617987,-0.0,-0.09681711356909102,-0.20948643489586566,-0.2647511171719098,-0.1982165552663957,-0.2191463956644856,0.1864578509948278,-0.15837352341599642,-0.157388156459539,0.20542941185463684,-0.07777530503679636,-0.12759921729619125,-0.07339834339159824,-0.05344815722451402,-0.19442506835012038,-0.0,-0.06162570834441144,-0.15647413124486795,0.19044552024455388,-0.16840366632527207,-0.03280858251424578,-0.014108633122142444,-0.04365121336830698,-0.43046020880906166,0.04569056465805347,-0.22492521427213147,-0.10400166845166736,-0.35615824056999684,-0.09057838783123785,-0.03629003477418023,-0.08969385057410965,-0.07349670690198598,-0.0,0.028956663933313295,0.12665893056440616,-0.07834964611136455,-0.25199245026057726,0.01781863755755965,-0.1622285510286375,-0.09449476855304455,-0.05163717724606378,-0.1197656115239927,0.02131129043778362,-0.15123257189548925,0.1330769441642009,-0.05470030658827189,-0.016406699689310855,0.11436219872484181,-0.11901215094775096,-0.001086652856821754,-0.11090400727423749,0.04668846499943461,-0.11026003413717103,-0.0,-0.03918773173327364,-0.11761225282708378,-0.07550894139835185,-0.03467616958271901,-0.40369131857620694,-0.1835227793706548,-0.0,-0.10541597117086073,-0.5508001794966598,-0.1357564942706325,-0.02188831681801847,-0.2917700195944223,-0.12563576003501314,-0.09574219767967806,-0.2735075693777435,-0.17982660507522177,0.2002755757483809,-0.1712405594140294,-0.08463442431198936,-0.05767670561881199,-0.338353271439402,-0.08826088809530934,0.028009639553021812,-0.23054668289311817,-0.22033534154446566,-0.12514451956447253,-0.08656905342957828,-0.3024930482693303,-0.10390088525212282,-0.010361255253928128,-0.12906486637892148,-0.33133296436354237,-0.29319340954736267,-0.02456624234788944,-0.19472826545264868,-0.23609356192657488,-0.15375029943364826,-0.14734562054712624,-0.01266615688753053,-0.021054965354462538,-0.3884879415235681,-0.39639235634675557,-0.0,-0.13797025049722472,-0.08917210277326107,-0.14132252958315675,-0.0,-0.18368523412516652,-0.20472431682007214,-0.2661569349710102,-0.2435887563680323,0.013741282659288475,-0.0,0.02805848848528712,0.051609319844313425,0.043883376984199716,-0.05039064270043302,-0.4560454547849997,-0.23112081660393002,-0.193096083598292,-0.10209730004013554,-0.010224568552486588,0.172039400725356
0.05198117934782273,0.063549716188155,0.09946973629213474,0.10045991843160973,0.09443380765851624,0.22809634533109957,-0.1458520375661493,0.12957211596955762,0.02985333609832452,0.09168137359243653,0.2717708114719312,0.09610217762757968,0.0,-0.1803550324379408,-0.035630997618476025,-0.0,-0.2080526341803442,-0.05967672940020524,-0.12909450358925803,-0.448674918789799,-0.08603791678678385,-0.0572438310966151,-0.12905474092435504,-0.2643413726184958,-0.5238689428842359,0.022129247678125373,0.15257207622505867,-0.0,0.08278329867279274,0.0466288212528981,-0.0,-0.18004217526587965,-0.048049787939417735,-0.07090078065401657,-0.17961586107960748,-0.2888067584766108,-0.25676701979588146,-0.11172067676371684,0.2062249195881097,-0.04751239757553682,-0.07937450243498474,-0.07408738016963837,0.11680651615109763,0.07893036485962837,-0.18636562910429413,-0.09418529805884901,-0.4292780582380232,-0.15598539494605435,0.08088473658984258,-0.0,-0.1951596959933377,-0.03497998262531077,-0.0001254102785186118,-0.3607419281354657,-0.05621711342070523,-0.08031874232219058,-0.07550499821257686,-0.25445940947120493,-0.1874518171872873,-0.08727298880021038,-0.10010829465955295,-0.03993119093239811,0.12496953606680068,-0.14929144508838288,-0.3386098375520316,0.10204340043306975,-0.002459970263902319,-0.1292648445004707,0.1813729302169385,0.019847423816456444,-0.20271305928087932,-0.053076974050618855,0.03447955360235412,-0.07862065205256122,-0.21233884666842873,-0.20573699510363985,-0.0872870646557098,-0.022918253982753673,-0.1395896866419413,0.019059125633918813,-0.15932928972957008,-0.43837131929368384,-0.0,-0.0,-0.15116220495937213,-0.13240373182689333,-0.05810103367791486,-0.004310984142245345,-0.18817687622441928,-0.30908404057651007,0.09060754084595109,-0.4318230213496739,-0.10260478857072047,-0.22588609465327067,0.1485317094826079,-0.2593228513132156,-0.17812090671111264,-0.31648828870268525,-0.023314063419142557,-0.32562785022119684,-0.08022962382760457,-0.1868886507631204,0.08211402825608485,-0.0,-0.23602386578870174,-0.03355236153752768,-0.031205591016839458,0.05228606164814509,0.07062281497223212,-0.24919865166742822,-0.0,-0.08879062709182811,-0.18099883020570365,-0.0,-0.25252789457484387,0.05725502088248416,-0.0733755750874813,0.0538992432186621,-0.14520945588837011,0.00829957844041014,0.06354679658879249,-0.18517248831251204,0.06834473532708178,-0.0,-0.004042401819399964,-0.2523249707858483,-0.34699219593346686,0.1213978789518953,-0.13626917079169132,-0.22415539954467695,0.10102406244786483,-0.35757329530685833,-0.09226512007088233,0.07953012160787185
-0.04325163113184813,0.1903011894946704,0.15618449010077626,0.10625424257424594,0.07071721917534303,0.06370060788686817,0.0927688468802489,0.15936387826347082,0.013801474883613711,0.0,0.15168482333034136,0.24609614342001085,0.1803550324379408,0.0,-0.256786449538125,-0.0,-0.2625033047849424,-0.0,0.12748617362504588,0.021697029073356498,-0.34660349928457934,-0.0,-0.015119828426087835,-0.24291199728737994,-0.20749931144119868,-0.04855804185136536,-0.2687690407817441,-0.0,-0.0666485855753176,-0.14037681611032055,-0.0,-0.07272367395310986,0.13897853760075518,-0.3827814796815171,-0.1643718128515971,0.04038788721556335,-0.07351218214146875,-0.0,-0.0,-0.20182400189447003,0.17166156263225885,-0.1039144287848731,-0.07335404652981548,-0.2781402239370563,0.1815336591033449,0.09613865950859028,-0.2126791037128951,-0.11430083910203817,-0.2599057638659997,-0.11973486769103024,0.18181282933192597,-0.27991730298066536,-0.06304915689417617,0.01606266774335353,-0.06548159772892627,-0.13888394170981286,-0.19604991109234685,0.06686186426463399,-0.03264203168744854,0.07906301062287567,-0.14260854525738628,-0.0,-0.15685633900032245,0.04233651333388899,-0.07345051913039007,0.09195773597566713,-0.15829698547410034,0.10585790905653007,-0.18903396998812272,0.019305517430345306,0.01447868257993869,-0.0070263979108095,-0.23217651671634873,-0.09866447383477858,0.013630422341796952,-0.13706599235593853,-0.020862314111693238,-0.33244662339390235,0.12152088095354195,0.013178202972732306,0.19719819793274126,-0.18808666076059272,0.02244683086997102,-0.20788622495026207,0.04174325139394578,0.06302972214205904,-0.02305143591609733,-0.505614287172691,-0.13523152294184,-0.15944044726386572,-0.08403731133216076,-0.22022184427376573,-0.0422076800870263,-0.17920472118046407,-0.055443415431829235,0.0680046542320858,-0.0023685124852972244,-0.04469246066306504,-0.1013526619052411,-0.0845047855982864,-0.11614057440492845,-0.03190900500547896,-0.06861649407979357,-0.13977128832076777,-0.19182552046679965,-0.0,-0.16149937333606562,-0.07495314883151558,-0.0,-0.0,-0.08459577932763165,-0.130845283399044,-0.31468026555437645,-0.044264497694017246,-0.07506079511727216,0.05935611281956156,0.016851007573895453,-0.0,-0.022511429393053173,-0.0033323002730648132,-0.2708499248640842,-0.33412948662419234,-0.1652665987399479,-0.06304915689417605,-0.040051611563533616,-0.04670177426182901,-0.139602438521131,-0.18751554686896096,0.017432643410540176,-0.08753275332353085,-0.1271699368769543,-0.09553421461245919,-0.280815525336525,-0.19689761174049056
0.0,0.40068168976385304,0.0860332629049844,0.09934013546426815,0.16028346867486853,0.17661629818446015,0.12045892518379228,0.12121462808757882,0.03118618702004886,0.1996310738578317,0.20368741551940583,-0.10475810331660644,0.035630997618476025,0.256786449538125,0.0,-0.0,-0.07359956736979845,-0.10451548633581971,-0.2825925847093086,-0.06128109901490457,-0.13085025871249756,0.05846397796623676,-0.05929863384104159,-0.23913639526676078,0.035880443984673306,-0.0032277874716340788,-0.032273336486322114,-0.11690794105099916,-0.22175023489072296,0.0013330171089615836,-0.08078338720018098,-0.3472117456079642,-0.11912823049600435,-0.2492305971044165,-0.2610765810862518,-0.1926497923115226,0.027152960954079174,-0.20590405357487318,-0.02963277609189714,0.09793851755012505,-0.15500287821011535,0.024531105896739,0.044271350348921545,-0.31689915730014734,-0.019999838461773372,-0.05794799338074638,-0.037588999857322974,-0.22236048584679108,-0.1902520859327543,-0.16793927989113655,-0.25518976317678776,-0.1989875207615744,-0.3240803284803298,-0.17286868568736025,-0.4874068878931069,-0.2328909776412254,0.021126885765517803,0.053396783999583954,-0.04919896938627547,-0.004258470510916922,-0.263142066843123,-0.4375529859076388,-0.17254309406171878,-0.2918976386931356,-0.22485280725655563,-0.45072926971471866,0.0777893424026457,-0.10817826284010779,0.02509153442998716,-0.2490997154756178,0.14394222439401164,0.00875516592399371,-0.1699049648828923,0.07446984468457767,-0.0963940784493597,-0.2695383621546129,-0.008114233892596901,-0.0794264842043316,-0.23714268964558477,0.17806464487742776,-0.20704442242955343,-0.10680735823616,-0.09261051243519049,-0.09102180744100448,0.10845901614464086,-0.21534298634213095,-0.08964970545734793,0.0014820644006474678,-0.17321113072448358,-0.295511189279453,-0.22146169248707587,-0.3432364981430085,-0.0608418386123159,0.09814461463805677,-0.025461300662161766,-0.09952665671868352,-0.12130238791427478,0.14036588860127758,-0.1675097818730828,-0.13276589360526864,-0.05221011716089725,-0.19260113303579018,0.03123947283540322,-0.2363621531601212,0.037854246806360785,0.02288776516118214,-0.34024261164337133,-0.16633561835715713,-0.13660479921637678,-0.14639192284252692,0.021955547694622494,-0.32908950611448995,-0.04588526968348557,-0.12215375494485722,-0.0411348466691838,-0.015677440668653283,-0.07990381178666243,-0.1830780980071001,-0.08516351064670433,-0.11495808454482317,-0.10646185597830503,-0.06938345339117445,-0.20970738577035555,-0.09150194695698921,-0.20715069422948448,-0.045930188561709245,-0.06728412353118852,0.002921778972726556,-0.23052041444812402,-0.13443653537033792,-0.12626983762257016,0.1083329551730987,-0.021850960103984848,-0.2106626025218147
0.0,0.0,0.0,0.0,0.0,0.0,0.0,0.0,0.0,0.0,0.0,0.0,0.0,0.0,0.0,0.0,-0.0,-0.0,-0.0,-0.0,-0.0,-0.0,-0.0,-0.0,-0.0,-0.0,-0.0,-0.0,-0.0,-0.0,-0.0,-0.0,-0.0,-0.0,-0.0,-0.0,-0.0,-0.0,-0.0,-0.0,-0.0,-0.0,-0.0,-0.0,-0.0,-0.0,-0.0,-0.0,-0.0,-0.0,-0.0,-0.0,-0.0,-0.0,-0.0,-0.0,-0.0,-0.0,-0.0,-0.0,-0.0,-0.0,-0.0,-0.0,-0.0,-0.0,-0.0,-0.0,-0.0,-0.0,-0.0,-0.0,-0.0,-0.0,-0.0,-0.0,-0.0,-0.0,-0.0,-0.0,-0.0,-0.0,-0.0,-0.0,-0.0,-0.0,-0.0,-0.0,-0.0,-0.0,-0.0,-0.0,-0.0,-0.0,-0.0,-0.0,-0.0,-0.0,-0.0,-0.0,-0.0,-0.0,-0.0,-0.0,-0.0,-0.0,-0.0,-0.0,-0.0,-0.0,-0.0,-0.0,-0.0,-0.0,-0.0,-0.0,-0.0,-0.0,-0.0,-0.0,-0.0,-0.0,-0.0,-0.0,-0.0,-0.0,-0.0,-0.0,-0.0,-0.0,-0.0,-0.0,-0.0,-0.0
0.0,0.17236267640980696,0.028543627412427105,-0.10458433549749126,0.1625353810068451,0.22094484213399632,0.0010201382240037293,0.06212979121417382,0.18973643815908053,0.11223678957273776,0.06382110489888704,-0.11518966931617987,0.2080526341803442,0.2625033047849424,0.07359956736979845,0.0,0.0,-0.013645479807670847,-0.1750023930965409,-0.048259851165595544,-0.0020569587677558092,-0.14995324696880474,-0.18840667960284638,-0.17220968859476993,-0.6065055184564363,-0.3278141439993758,-0.060591426621681425,-0.15493476562847203,-0.11429878106090077,-0.29144477261055146,-0.10634784787275978,-0.2467646982122093,-0.18927035406934378,-0.16249690806975772,0.019242593554399872,-0.13224110667518182,-0.23090849272531802,-0.06318661110823641,-0.03621510916592092,-0.05124187417776558,0.2133584925829899,-0.06928774752994087,-0.30228899052151353,-0.17817880461557356,-0.3212403915326798,-0.2526719411363006,-0.2164892564067758,-0.041433911434604065,0.14721648253040365,-0.19189298181705927,0.01289539912735231,-0.34960177580251084,-0.2746049924870502,-0.22857748552933407,-0.011620117882970652,-0.16837973109323617,-0.10691498993355289,-0.18166899759622016,-0.09327856080033668,-0.015255344652348918,0.16014672192867482,-0.09932014190075154,-0.23992174600623628,-0.3364428679705073,-0.005720308886081097,-0.3226151518946904,-0.20022331232716847,0.11527160570188373,-0.030323177680306256,-0.34680085527713644,-0.07144771048725335,-0.371426797512412,-0.13820404942005018,-0.10817645378340673,-0.4752863145747726,-0.08318529304348704,-0.024985630100082323,-0.1094421757494135,0.20058607072302978,-0.27591960009270494,-0.0007035796843335573,-0.16358495241806412,-0.11461789015386097,-0.14147364614706653,-0.06310171421549177,-0.1851239400053008,-0.27948663217470576,-0.23080838724815123,0.0015846156204972896,-0.06722713550783892,-0.01642336271100496,0.0376783538489375,-0.09192114793784463,-0.04195974908033404,0.02633971777820897,-0.2949167824791673,-0.12398877749465857,-0.18141759028088736,-0.06166055579924902,-0.083507448050193,-0.13611140422863507,-0.20618987105161676,-0.0,-0.1198221616637209,0.06895350428633434,-0.006331257426346757,-0.1245848444159024,-0.27082571737814326,-0.0013779049527669592,0.09334820355343364,-0.30360356273026584,0.07391001898006702,-0.337075698549832,-0.0,-0.04265529784819404,0.014594332097517185,-0.16555778658956594,-0.0,-0.13467755597343434,-0.16935825894507556,0.02586394373177912,-0.08840471848629268,-0.05612463540564202,-0.007453441195298458,-0.04662290828606151,-0.09694665061228804,-0.20674450156571564,-0.1924381807648418,-0.21256071700566892,0.08427187592622434,-0.2816128463300204,-0.11553313546949359,-0.12649093005725068,-0.13285713018379006
0.0,0.12893315456952784,0.0,0.09212429433397623,0.0,0.06074040470481144,0.0,0.0,-0.0259250945675622,0.0876076942398528,-0.008299101736121535,0.0,0.05967672940020524,0.0,0.10451548633581971,0.0,0.013645479807670847,0.0,-0.11856494511371636,-0.06866200634100683,-0.10536479787722214,-0.0,-0.0,-0.15397814715696148,-0.0,-0.011731423372426842,-0.05686678329260138,-0.0,-0.0,-0.09212429433397597,-0.0,-0.13970486299666962,-0.0,-0.0,-0.0,-0.06123371193907729,-0.0,-0.10699602369887724,-0.0,-0.0,-0.0,-0.16414932726992573,-0.24119298447057325,-0.04171831725591387,-0.16344015233363351,-0.21302707220453473,-0.03521617270040002,-0.0,-0.06881561099697273,-0.0,-0.052074992531403616,-0.08107092913130723,-0.0,-0.09880289386726085,-0.1686786233711609,-0.0,-0.14747600260144247,-0.0,-0.06074040470481135,-0.16145055245699083,-0.1069960236988768,-0.0,-0.0,0.06681099287358784,-0.0,-0.24551945083021964,-0.08760769423985279,-0.04774077573687116,-0.0607404047048114,-0.0,-0.0,-0.040329764362427536,0.0001536046559656378,-0.02126029406467228,-0.1053647978772225,-0.0,-0.0,-0.0,-0.059676729400205464,-0.058505174022493035,-0.12893315456952592,-0.0,-0.0,-0.0,-0.008742583924724105,-0.0,-0.0,0.12541974786880264,-0.0,-0.0,-0.0,-0.0,-0.0,-0.12309459831647432,-0.0,-0.0,-0.005553059292294624,-0.0,-0.0,-0.0,-0.0,-0.0,-0.0,-0.0,-0.0,-0.0,-0.06074040470481127,-0.08237671632252194,-0.0,-0.026440650779741413,-0.0,-0.03521617270039991,-0.14565205638755818,-0.0,-0.0,-0.0,-0.09220401592157763,-0.02081053413024608,-0.0,-0.05600333007203155,0.024417668233707054,-0.0,-0.0,-0.0,-0.0,-0.10376342293342503,-0.227315193268811,-0.0995735850397607,-0.0,-0.07773740655720511,-0.056003330072031544,-0.0,-0.02126029406467219,-0.13970486299666954
